ID     x_wor	  y_wor   theta_wor
A001 -1002.8359 -144.9214 0.1435
A002 -1001.5393 -140.5998 0.1395
A003 -1000.6526 -138.2168 0.1373
A004 -999.8817 -135.7987 0.1350
A005 -991.1711 -131.5392 0.1319
A006 -990.0335 -127.9970 0.1286
A007 -989.2535 -125.5945 0.1263
A008 -988.4838 -123.1803 0.1240
A009 -987.7116 -120.7649 0.1217
A010 -986.6484 -117.5718 0.1186
A011 -985.8884 -115.1633 0.1163
A012 -985.1085 -112.7478 0.1140
A013 -993.6033 -109.0341 0.1093
A014 -1003.5169 -113.4167 0.1125
A015 -1006.0528 -112.6778 0.1115
A016 -1007.8156 -110.7897 0.1095
A017 -1007.0346 -108.3708 0.1072
A018 -999.7087 -104.1297 0.1038
A019 -998.9321 -101.6939 0.1015
A020 -998.1385 -99.3022 0.0992
A021 -1005.8419 -104.5859 0.1036
A022 -1005.0638 -102.1255 0.1013
A023 -1004.2586 -99.7390 0.0990
A024 -1003.2727 -96.1792 0.0956
A025 -1002.4988 -93.7661 0.0933
A026 -1001.7199 -91.3542 0.0909
A027 -999.4563 -88.2165 0.0880
A028 -990.1762 -99.6357 0.1003
A029 -967.5595 -110.7633 0.1140
A030 -968.3363 -113.1757 0.1163
A031 -969.1157 -115.5845 0.1187
A032 -970.2827 -119.1948 0.1222
A033 -971.0640 -121.6128 0.1246
A034 -971.8454 -124.0019 0.1269
A035 -972.9473 -127.3752 0.1302
A036 -973.7263 -129.8346 0.1326
A037 -974.4958 -132.2555 0.1349
A038 -975.2732 -134.6668 0.1372
A039 -960.1624 -110.6611 0.1147
A040 -960.9345 -113.0632 0.1171
A041 -961.7005 -115.4719 0.1195
A042 -962.8476 -118.9641 0.1229
A043 -963.6272 -121.3935 0.1253
A044 -964.4096 -123.7990 0.1277
A045 -965.5523 -127.3282 0.1311
A046 -966.3338 -129.7382 0.1335
A047 -967.1120 -132.1578 0.1358
A048 -967.8897 -134.6724 0.1383
A049 -968.9618 -137.7411 0.1412
A050 -945.3937 -117.2115 0.1234
A051 -946.1682 -119.6385 0.1258
A052 -946.9379 -122.0400 0.1282
A053 -948.0332 -125.5382 0.1317
A054 -948.8562 -127.9501 0.1340
A055 -949.5304 -130.3107 0.1364
A056 -950.7786 -133.8701 0.1399
A057 -951.5675 -136.2787 0.1422
A058 -952.3333 -138.7108 0.1446
A059 -953.1071 -141.1269 0.1470
A060 -954.1866 -144.4483 0.1502
A061 -937.9940 -117.1101 0.1242
A062 -938.7543 -119.5204 0.1266
A063 -939.5332 -121.9485 0.1291
A064 -940.7079 -125.5138 0.1326
A065 -941.4932 -127.9264 0.1350
A066 -942.2676 -130.3681 0.1375
A067 -944.2736 -136.5435 0.1436
A068 -944.2834 -136.5624 0.1436
A069 -955.3858 -153.3660 0.1592
A070 -960.0104 -152.0128 0.1570
A071 -962.5526 -151.2773 0.1559
A072 -967.5202 -149.8230 0.1536
A073 -970.0578 -149.0889 0.1525
A074 -974.1647 -147.8934 0.1507
A075 -976.7080 -147.1433 0.1495
A076 -981.5684 -145.7373 0.1474
A077 -984.0917 -144.9968 0.1463
A078 -988.0922 -143.8354 0.1446
A079 -990.6487 -143.0853 0.1434
A080 -930.6450 -119.6817 0.1279
A081 -928.1022 -120.4387 0.1290
A094 -1093.8440 -74.2652 0.0678
A095 -1088.5991 -74.3776 0.0682
A096 -1084.5103 -74.2631 0.0684
A097 -1093.8399 -66.5104 0.0607
A098 -1090.1404 -66.5130 0.0609
A099 -1087.4908 -66.5133 0.0611
A100 -1084.8407 -66.5150 0.0612
A101 -1082.1902 -66.5159 0.0614
A102 -1078.5511 -66.5181 0.0616
A103 -1075.9011 -66.5192 0.0617
A104 -1062.2513 -53.5284 0.0503
A105 -1059.6011 -53.5297 0.0505
A106 -1056.9509 -53.5311 0.0506
A107 -1058.5861 -45.1406 0.0426
A108 -1055.9360 -45.1421 0.0427
A109 -1050.6685 -46.5426 0.0443
A110 -1048.0145 -46.7434 0.0446
A111 -1043.1814 -47.0838 0.0451
A112 -1040.5323 -47.2501 0.0454
A113 -1036.1708 -47.5631 0.0459
A114 -1033.6295 -47.7484 0.0462
A115 -1030.9800 -47.9210 0.0464
A116 -1027.1065 -48.2187 0.0469
A117 -1024.4505 -48.3721 0.0472
A118 -1021.7880 -48.5679 0.0475
A119 -1020.5090 -53.2881 0.0522
A120 -1020.3099 -50.7932 0.0497
A121 -1075.1865 -52.3537 0.0487
A122 -1077.8367 -52.3523 0.0485
A123 -1082.1818 -52.3501 0.0483
A124 -1084.8321 -52.3487 0.0482
A125 -1087.4822 -52.3474 0.0481
A126 -1090.1322 -52.3460 0.0480
A127 -1093.6107 -52.3443 0.0478
A128 -1098.2013 -44.0645 0.0401
A129 -1100.8514 -44.0626 0.0400
A130 -1103.4356 -48.1472 0.0436
A131 -1103.4370 -50.6650 0.0459
A132 -1103.4397 -55.5182 0.0503
A133 -1103.4411 -58.0353 0.0525
A134 -1103.4491 -62.3702 0.0565
A135 -1103.4348 -64.9436 0.0588
A136 -1103.4563 -79.9447 0.0723
A137 -1103.4470 -84.6766 0.0766
A138 -1103.4553 -87.1982 0.0789
A139 -1103.4558 -92.0023 0.0832
A140 -1103.4603 -94.5420 0.0855
A141 -1093.8523 -88.5411 0.0808
A142 -1090.0317 -88.5433 0.0811
A143 -1084.5156 -88.5435 0.0815
A144 -1084.5195 -96.4090 0.0887
A145 -1089.8243 -96.4119 0.0882
A146 -1103.4442 -99.3768 0.0898
A147 -1103.4555 -101.8991 0.0921
A148 -1103.4656 -107.1091 0.0968
A149 -1103.4699 -109.6206 0.0990
A150 -1103.4684 -114.4701 0.1034
A151 -1103.4730 -116.9432 0.1056
A152 -1091.2360 -110.5727 0.1010
A153 -1085.7485 -110.5736 0.1015
A154 -1083.0429 -109.8434 0.1011
A155 -1078.2238 -123.2928 0.1139
A156 -1075.5301 -123.0140 0.1139
A157 -1072.9216 -123.6205 0.1147
A158 -1055.3837 -126.0087 0.1188
A159 -1052.7714 -126.3947 0.1195
A160 -1050.1390 -126.7743 0.1201
A161 -1043.9017 -127.7654 0.1218
A162 -1041.2576 -128.4674 0.1228
A163 -1038.6484 -128.6397 0.1232
A164 -1033.1241 -129.6617 0.1249
A165 -1030.5148 -130.1036 0.1256
A166 -1027.9225 -130.5389 0.1263